,A027,A018,A008,A022,A038,A004,A048,A034
A027,-34.99094445,5.0021555,5.0131079,5.01160052,5.012783192,5.01661598,5.0006401952,5.007803912
A018,5.0021555,-34.996941992,5.003255876,5.004889856,5.00585948,5.00874974,5.0011101812,5.006845472
A008,5.0131079,5.003255876,-34.609441866,5.057782004,5.020812728,5.04645152,5.003123384,5.047068668
A022,5.01160052,5.004889856,5.057782004,-34.838065196,5.03578046,5.0240348,5.002890428,5.021717588
A038,5.012783192,5.00585948,5.020812728,5.03578046,-34.904604739,5.01195482,5.002473188,5.0195177
A004,5.01661598,5.00874974,5.04645152,5.0240348,5.01195482,-34.723426565,5.001741956,5.038514312
A048,5.0006401952,5.0011101812,5.003123384,5.002890428,5.002473188,5.001741956,-35.011934645,5.0023292
A034,5.007803912,5.006845472,5.047068668,5.021717588,5.0195177,5.038514312,5.0023292,-34.893943399
