,A027,A018,A008,A022,A038,A004,A048,A034
A027,0.036877978,0.000179625,0.001092325,0.00096671,0.001065266,0.001384665,5.33496e-05,0.000650326
A018,0.000179625,0.020919744,0.000271323,0.000407488,0.00048829,0.000729145,9.25151e-05,0.000570456
A008,0.001092325,0.000271323,0.084636622,0.004815167,0.001734394,0.00387096,0.000260282,0.003922389
A022,0.00096671,0.000407488,0.004815167,0.060711072,0.002981705,0.0020029,0.000240869,0.001809799
A038,0.001065266,0.00048829,0.001734394,0.002981705,0.062864819,0.000996235,0.000206099,0.001626475
A004,0.001384665,0.000729145,0.00387096,0.0020029,0.000996235,0.082326369,0.000145163,0.003209526
A048,5.33496e-05,9.25151e-05,0.000260282,0.000240869,0.000206099,0.000145163,0.013631697,0.0001941
A034,0.000650326,0.000570456,0.003922389,0.001809799,0.001626475,0.003209526,0.0001941,0.069070331
